      0/99     7.36G   0.08566   0.01911         0    0.1048         4       640         0         0         0         0    0.1288   0.01958         0
      1/99     7.41G   0.08864   0.01695         0    0.1056         7       640         0         0         0         0    0.1248   0.01704         0
      2/99     7.41G   0.08447   0.01453         0     0.099         1       640   0.00143   0.03226  7.25e-05  7.25e-06    0.1173     0.015         0
      3/99     7.41G   0.06372   0.01259         0   0.07632         3       640         0         0         0         0    0.1305   0.01291         0
      4/99     7.41G   0.05839   0.01115         0   0.06954         4       640         0         0         0         0    0.1317   0.01097         0
      5/99     7.41G   0.06186   0.01027         0   0.07213         3       640 0.0004117   0.03226 1.672e-05 3.344e-06     0.122    0.0104         0
      6/99     7.41G   0.05753  0.009876         0   0.06741         7       640   0.00653   0.03226 0.0002468 2.468e-05     0.122  0.009628         0
      7/99     7.41G   0.06278  0.009076         0   0.07185         2       640   0.02694   0.03226  0.001167 0.0002334    0.1223  0.009021         0
      8/99     7.41G   0.05332  0.008551         0   0.06187         3       640   0.04906   0.03226  0.002059 0.0004118    0.1272  0.008665         0
      9/99     7.41G   0.04796   0.00827         0   0.05623         4       640  0.002193   0.03226 9.752e-05 9.752e-06    0.1264  0.008519         0
     10/99     7.41G   0.05982  0.007741         0   0.06756         1       640         0         0         0         0    0.1191  0.008462         0
     11/99     7.41G   0.04964  0.007249         0   0.05689         3       640         0         0         0         0    0.1182  0.008307         0
     12/99     7.41G   0.05029  0.007307         0    0.0576         3       640         0         0         0         0    0.1122  0.008509         0
     13/99     7.41G    0.0463  0.006708         0   0.05301         2       640 0.0002667   0.06452 1.925e-05 5.775e-06    0.1127  0.008292         0
     14/99     7.41G   0.03816  0.006434         0   0.04459         2       640 0.0005473     0.129 9.363e-05 9.363e-06    0.1108  0.008131         0
     15/99     7.41G   0.04908  0.006799         0   0.05588         2       640  0.001177    0.2581 0.0003342 8.506e-05     0.108  0.008324         0
     16/99     7.41G   0.04522  0.007628         0   0.05285         4       640   0.00177    0.3548  0.000755 0.0001425    0.1065  0.008256         0
     17/99     7.41G   0.04493  0.007063         0   0.05199         4       640  0.003921    0.3226  0.002657 0.0005795    0.1048  0.008165         0
     18/99     7.41G   0.03475  0.006659         0   0.04141         2       640  0.005968    0.3548  0.004333  0.001107    0.1032  0.008167         0
     19/99     7.41G   0.03507  0.006709         0   0.04178         4       640  0.006149    0.2581  0.004227  0.001145     0.103  0.008099         0
     20/99     7.41G   0.03285  0.007131         0   0.03998         1       640    0.0138    0.4194   0.01108  0.003079     0.101  0.007993         0
     21/99     7.41G   0.03288  0.006761         0   0.03964         2       640   0.06013    0.3548   0.03379  0.009797   0.09963  0.008011         0
     22/99     7.41G   0.03079   0.00689         0   0.03768         4       640   0.07796    0.3871   0.04218  0.009164    0.1002  0.008025         0
     23/99     7.41G   0.03116  0.006708         0   0.03787         1       640   0.06297    0.2903    0.0376  0.008707   0.09891  0.007999         0
     24/99     7.41G   0.02874  0.006783         0   0.03552         1       640   0.09172    0.3548   0.05852   0.02116   0.09869  0.007837         0
     25/99     7.41G   0.02929  0.005902         0    0.0352         3       640    0.2342    0.3226    0.1418   0.04882   0.09557   0.00808         0
     26/99     7.41G   0.02979   0.00692         0   0.03671         3       640    0.2419    0.3226    0.1454   0.03645   0.09831  0.007633         0
     27/99     7.41G   0.03058  0.005675         0   0.03625         2       640    0.3398    0.3226     0.219   0.09087   0.09627  0.007772         0
     28/99     7.41G   0.02806  0.005723         0   0.03378         3       640    0.3253    0.2802     0.214   0.06878   0.09528  0.007907         0
     29/99     7.41G   0.02801   0.00594         0   0.03395         1       640    0.2841    0.3226    0.1862   0.07194   0.09697   0.00765         0
     30/99     7.41G   0.02971  0.006085         0   0.03579         1       640    0.3224    0.5833    0.3054    0.1097   0.09227  0.008177         0
     31/99     7.41G   0.02762  0.006201         0   0.03382         1       640    0.3821    0.6774     0.399    0.1058   0.09592  0.007539         0
     32/99     7.41G   0.02758  0.005984         0   0.03356         1       640    0.4384    0.5484    0.4039    0.1597   0.09281  0.007684         0
     33/99     7.41G    0.0272  0.005783         0   0.03298         0       640    0.4602    0.6129    0.4187    0.1765    0.0919  0.007884         0
     34/99     7.41G   0.02679  0.006278         0   0.03306         1       640    0.5783    0.3871    0.4335    0.1586   0.09347  0.007696         0
     35/99     7.41G   0.02862  0.006427         0   0.03505         6       640    0.5555     0.645    0.5246    0.1954    0.0897  0.008042         0
     36/99     7.41G   0.02779  0.006428         0   0.03422         4       640     0.371    0.7419    0.4586    0.1241   0.09503  0.007358         0
     37/99     7.41G   0.02778  0.006502         0   0.03428         6       640    0.3874    0.5484    0.3979    0.1373   0.09239  0.007573         0
     38/99     7.41G   0.02653  0.006081         0   0.03262         3       640    0.5003    0.6129    0.4438    0.1487   0.09306  0.007394         0
     39/99     7.41G    0.0283  0.005202         0    0.0335         2       640    0.4568    0.7419    0.5373    0.1923   0.09007  0.007716         0
     40/99     7.41G   0.02758  0.006125         0   0.03371         2       640    0.5612    0.6452     0.535    0.2273   0.09022  0.007542         0
     41/99     7.41G    0.0254  0.006655         0   0.03206         3       640    0.6534    0.5474    0.5767    0.2448   0.09046  0.007501         0
     42/99     7.41G   0.02792   0.00528         0    0.0332         4       640    0.4421    0.5806    0.3898    0.1647   0.09335  0.007338         0
     43/99     7.41G   0.02677  0.005702         0   0.03247         3       640    0.6994    0.5256    0.5362    0.2395     0.091  0.007496         0
     44/99     7.41G   0.02574  0.005818         0   0.03156         2       640    0.5385    0.6774     0.562    0.2421     0.091  0.007562         0
     45/99     7.41G   0.02605  0.006454         0    0.0325         6       640    0.6363    0.6773    0.6473    0.3549   0.08624  0.007898         0
     46/99     7.41G   0.02594  0.006087         0   0.03203         5       640    0.5683    0.8065    0.7239    0.2907   0.08655  0.007918         0
     47/99     7.41G   0.02245  0.005605         0   0.02806         2       640    0.6402    0.7742    0.7141     0.367    0.0867  0.007847         0
     48/99     7.41G   0.02268  0.006298         0   0.02898         2       640    0.6861    0.8065    0.7334     0.441    0.0854  0.007927         0
     49/99     7.41G   0.02416  0.005553         0   0.02972         1       640    0.6366    0.8065    0.7147    0.2066   0.08823  0.007577         0
     50/99     7.41G   0.02645  0.005841         0    0.0323         1       640     0.708     0.871    0.7643    0.3354    0.0865  0.007643         0
     51/99     7.41G   0.02311  0.006046         0   0.02916         2       640    0.6803     0.824    0.7427    0.3987    0.0864  0.007597         0
     52/99     7.41G   0.02051  0.005322         0   0.02583         1       640    0.7733    0.7702    0.7504    0.3958   0.08604  0.007676         0
     53/99     7.41G   0.02207  0.006426         0    0.0285         3       640     0.809    0.7419    0.8051    0.4822   0.08605  0.007476         0
     54/99     7.41G   0.02214  0.006192         0   0.02833         2       640     0.765    0.8065    0.7969    0.4195   0.08593  0.007518         0
     55/99     7.41G     0.025  0.006177         0   0.03118         7       640    0.7864    0.8314    0.7973    0.3308   0.08827  0.007333         0
     56/99     7.41G   0.02459  0.005144         0   0.02974         3       640    0.7115    0.8387    0.7386    0.4221    0.0853  0.007516         0
     57/99     7.41G   0.02236   0.00567         0   0.02803         6       640    0.6676    0.7419    0.6729      0.33   0.08852  0.007197         0
     58/99     7.41G   0.02107  0.006592         0   0.02766         3       640    0.8143    0.7742    0.7926    0.4282   0.08394  0.007605         0
     59/99     7.41G    0.0202  0.007433         0   0.02763         7       640    0.8226    0.8065    0.8235     0.475   0.08219  0.007851         0
     60/99     7.41G   0.01996  0.006875         0   0.02684         3       640    0.7053    0.7721    0.7472    0.3401   0.08814  0.007357         0
     61/99     7.41G   0.03196  0.005023         0   0.03698         4       640    0.8512    0.7382    0.8058     0.446   0.08405  0.007756         0
     62/99     7.41G    0.0223   0.00585         0   0.02815         4       640    0.8453    0.8387    0.8586    0.4113   0.08121  0.007913         0
     63/99     7.41G   0.02203  0.006363         0   0.02839         4       640    0.8829    0.7419    0.8506    0.4458   0.08323  0.007796         0
     64/99     7.41G   0.02055  0.005589         0   0.02614         2       640    0.8362    0.8065    0.8048    0.3877   0.08263  0.007726         0
     65/99     7.41G   0.02441  0.006626         0   0.03103         2       640    0.8567    0.7714    0.7931    0.3702   0.08528  0.007478         0
     66/99     7.41G   0.01958  0.006468         0   0.02605         8       640    0.8234    0.7742    0.7959    0.4351   0.08181  0.007734         0
     67/99     7.41G    0.0175  0.006305         0    0.0238         2       640    0.7552    0.7419    0.7187    0.3155    0.0878  0.007163         0
     68/99     7.41G   0.01949  0.006148         0   0.02564         2       640    0.8037    0.7925     0.815    0.4526   0.08404  0.007428         0
     69/99     7.41G   0.02031   0.00563         0   0.02594         2       640    0.8042    0.8065    0.8465    0.4325   0.08181  0.007572         0
     70/99     7.41G   0.02207  0.005218         0   0.02729         2       640    0.8055    0.8019    0.7988    0.4192   0.08329  0.007475         0
     71/99     7.41G    0.0186  0.005722         0   0.02432         1       640    0.8147    0.7092    0.7642    0.3696   0.08473  0.007398         0
     72/99     7.41G   0.02027  0.005658         0   0.02593         4       640    0.7989    0.7688     0.819    0.4584   0.08299  0.007367         0
     73/99     7.41G   0.01789  0.005479         0   0.02337         2       640    0.8253    0.7621    0.7958    0.4378   0.08314  0.007382         0
     74/99     7.41G   0.01742  0.006182         0    0.0236         2       640    0.8564    0.7698    0.8388     0.489   0.08225  0.007392         0
     75/99     7.41G   0.01881  0.006546         0   0.02535         9       640    0.8271    0.7717    0.8075    0.4382   0.08355  0.007232         0
     76/99     7.41G    0.0168  0.006393         0   0.02319         3       640    0.8046    0.8065    0.8356    0.5175   0.08243  0.007214         0
     77/99     7.41G   0.01764  0.006887         0   0.02453         6       640    0.8564    0.7696    0.8614    0.5076   0.08168  0.007301         0
     78/99     7.41G   0.01699  0.004937         0   0.02193         0       640    0.9121    0.7419    0.7853    0.3377   0.08491  0.007082         0
     79/99     7.41G   0.01801  0.006045         0   0.02405         5       640    0.8332    0.8056    0.8161    0.4321   0.08191   0.00728         0
     80/99     7.41G   0.01647  0.006066         0   0.02253         5       640    0.9114    0.7419    0.8577     0.515   0.07997  0.007324         0
     81/99     7.41G    0.0157  0.005223         0   0.02093         1       640     0.916    0.7419    0.8488    0.4782    0.0809  0.007282         0
     82/99     7.41G   0.01653  0.006028         0   0.02256         6       640    0.8551    0.8065    0.8706    0.5223   0.07878  0.007365         0
     83/99     7.41G   0.01674  0.005845         0   0.02258         1       640     0.923    0.7735    0.8393    0.5097   0.08106  0.007209         0
     84/99     7.41G   0.01573  0.006114         0   0.02184         5       640    0.9179    0.8065    0.8802     0.559   0.07869  0.007314         0
     85/99     7.41G   0.02162   0.00597         0   0.02759         6       640    0.9257    0.8044    0.8505    0.5458   0.07869  0.007298         0
     86/99     7.41G   0.01469  0.005326         0   0.02002         2       640    0.9203    0.8065    0.8549    0.5584   0.07832  0.007306         0
     87/99     7.41G   0.01383  0.006034         0   0.01987         8       640    0.9242    0.8065     0.874    0.5862   0.07743  0.007334         0
     88/99     7.41G   0.01412  0.005324         0   0.01945         3       640     0.892    0.8065    0.8526    0.5784   0.07826  0.007176         0
     89/99     7.41G   0.01471   0.00568         0   0.02039         2       640    0.9256    0.8031    0.8575    0.6001   0.07854  0.007063         0
     90/99     7.41G   0.01398  0.006403         0   0.02039         5       640    0.9615    0.8062    0.9024    0.5925   0.07798  0.007077         0
     91/99     7.41G   0.01466  0.006266         0   0.02092         4       640    0.9615     0.806    0.8611     0.583    0.0786  0.006993         0
     92/99     7.41G   0.01375  0.006078         0   0.01983         4       640    0.9613    0.8065     0.863    0.6067   0.07812  0.006904         0
     93/99     7.41G   0.01448  0.005858         0   0.02033         1       640    0.9227    0.8387    0.9084    0.6253   0.07749   0.00693         0
     94/99     7.41G   0.01321   0.00556         0   0.01877         1       640    0.9284     0.837    0.8652    0.5976   0.07855  0.006793         0
     95/99     7.41G    0.0132  0.005462         0   0.01867         7       640    0.9283    0.8356    0.8864    0.6138    0.0771  0.006845         0
     96/99     7.41G   0.01251   0.00569         0    0.0182         3       640    0.9284    0.8372    0.8872    0.6208   0.07788  0.006757         0
     97/99     7.41G   0.01784  0.005435         0   0.02327         4       640    0.9272    0.8387    0.8859    0.6245   0.07744  0.006762         0
     98/99     7.41G   0.01283  0.004747         0   0.01757         2       640    0.9283    0.8387    0.8628    0.6207   0.07745  0.006721         0
     99/99     7.41G   0.01325  0.004867         0   0.01812         3       640     0.927    0.8387     0.882    0.6136   0.07774  0.006677         0
